1.2413
1.1805
1.1721
1.1936
1.0658
0.9932
0.904
0.9487
0.7089
0.7994
0.7056
0.7774
0.674
0.7668
0.7482
0.6833
0.6881
0.6697
0.6649
0.6453
0.6065
0.7005
0.6747
0.6884
0.6697
0.6855
0.7894
0.7242
0.7207
0.6806
0.6668
0.7202
0.6573
0.6253
0.6283
0.7176
0.6616
0.7396
0.684
0.6812
0.6261
0.7174
0.6465
0.6892
0.6646
0.6344
0.7321
0.6667
0.6091
0.5849
0.6784
0.6542
0.5921
0.5996
0.6973
0.6416
0.6702
0.5877
0.5888
0.6338
0.6
0.6838
0.6355
0.7348
0.626
0.7094
0.5693
0.6408
0.6275
0.5674
0.6768
0.6691
0.6221
0.5662
0.7032
0.6339
0.6535
0.6493
0.6233
0.6512
0.65
0.6841
0.65
0.6535
0.701
0.7179
0.644
0.6799
0.6445
0.7006
0.5881
0.5464
0.6757
0.6398
0.646
0.6178
0.6082
0.5971
0.6547
0.6417
0.5635
0.5691
0.7113
0.6834
0.652
0.6361
0.5935
0.6816
0.6231
0.6118
0.5811
0.7354
0.6493
0.5914
0.5451
0.546
0.564
0.6648
0.6004
0.6544
0.554
0.6345
0.5985
0.6198
0.6891
0.5983
0.581
0.6496
0.5828
0.585
0.6329
0.587
0.6499
0.5943
0.6361
0.6416
0.5668
0.7967
0.6121
0.6504
0.6737
0.6378
0.6588
0.6544
0.6221
0.6294
0.649
0.5809
0.6546
0.6438
0.5567
0.5697
0.5836
0.6091
0.6116
0.637
0.6371
0.5884
0.6002
0.6084
0.7839
0.6614
0.7062
0.5682
0.6186
0.5493
0.7315
0.6263
0.665
0.5891
0.658
0.6785
0.5144
0.6125
0.6024
0.6875
0.6106
0.6939
0.6539
0.6171
0.6301
0.6437
0.6106
0.6905
0.6314
0.5795
0.5945
0.6172
0.634
0.5981
0.628
0.591
0.6267
0.587
0.6137
0.6752
0.6009
0.5971
0.5979
0.6131
0.608
0.64
0.5896
0.6079
0.6743
0.6416
0.7124
0.6665
0.656
0.5992
0.5574
0.5583
0.5692
0.5471
0.6122
0.6735
0.6503
0.6834
0.5379
0.6703
0.674
0.5717
0.5605
0.5605
0.6198
0.5356
0.5676
0.6064
0.6175
0.616
0.6062
0.7088
0.5997
0.715
0.5743
0.5897
0.6583
0.5926
0.5933
0.6237
0.7472
0.5863
0.6995
0.5865
0.6222
0.6318
0.58
0.7114
0.6133
0.675
0.5658
0.6052
0.5883
0.6434
0.6331
0.6876
0.6191
0.5761
0.4936
0.6834
0.5499
0.6889
0.6421
0.5519
0.5641
0.5778
0.555
0.6098
0.6064
0.6479
0.5257
0.646
0.6346
0.5062
0.6488
0.6502
0.6305
0.5976
0.6318
0.6637
0.6901
0.6035
0.6694
0.6115
0.5724
0.607
0.6444
0.5706
0.5999
0.5846
0.5707
0.6587
0.6534
0.5968
0.6395
0.5916
0.5681
0.5998
0.6445
0.6803
0.6571
0.6108
0.5256
0.6405
0.7829
0.6094
0.7003
0.6573
0.636
0.632
0.6346
0.6259
0.6379
0.6948
0.6382
0.5219
0.5634
0.5318
0.5916
0.7
0.6407
0.4874
0.5715
0.6316
0.6356
0.6142
0.612
0.5606
0.6035
0.5607
0.5897
0.6328
0.5832
0.6219
0.5368
0.5871
0.5972
0.5727
0.6254
0.5607
0.5818
0.6173
0.6124
0.5624
0.5346
0.6015
0.6188
0.6112
0.6469
0.5821
0.5839
0.6417
0.5848
0.5502
0.5701
0.6545
0.706
0.6894
0.5785
0.5694
0.5871
0.6112
0.6227
0.5783
0.6574
0.6137
0.6219
0.6868
0.6414
0.6058
0.6104
0.584
0.6534
0.6243
0.6022
0.5807
0.6963
0.6339
0.5575
0.6523
0.542
0.7912
0.7081
0.7277
0.6211
0.5452
0.7142
0.56
0.7039
0.6398
0.588
0.6464
0.5931
0.5491
0.5844
0.5928
0.6667
0.6014
0.634
0.6063
0.6299
0.5536
0.6932
0.5498
0.6172
0.5272
0.6345
0.6431
0.604
0.6123
0.6536
0.6111
0.5761
0.6163
0.5344
0.5928
0.6476
0.6348
0.5428
0.6102
0.6057
0.5553
0.5811
0.5557
0.613
0.6435
0.572
0.5922
0.6096
0.6374
0.6435
0.6837
0.5993
0.7249
0.5525
0.5597
0.6888
0.6996
0.6961
0.5807
0.5707
0.5466
0.5945
0.5837
0.5783
0.5998
0.5553
0.6901
0.5691
0.5798
0.6559
0.6539
0.6344
0.5941
0.5451
0.5701
0.5984
0.5744
0.6044
0.5671
0.7674
0.6016
0.6549
0.6927
0.6271
0.5769
0.5754
0.6264
0.6313
0.5826
0.5333
0.6127
0.5302
0.5622
0.6631
0.6734
0.6292
0.5557
0.5779
0.5357
0.5956
0.619
0.7459
0.6836
0.5795
0.5598
0.6327
0.6085
0.5801
0.6154
0.6492
0.6483
0.6499
0.5572
0.688
0.5287
0.571
0.6382
0.6128
0.5713
0.7316
0.6663
0.5516
0.6127
0.5608
0.6155
0.6286
0.5851
0.624
0.6584
0.5497
0.6495
0.5774
0.5814
0.6689
0.6815
0.6839
0.6122
0.6689
0.5598
0.604
0.5675
0.5769
0.6603
0.5848
0.5516
0.6018
0.5273
0.5551
0.609
0.7031
0.5624
0.5987
0.67
0.5932
0.6111
0.665
0.5599
0.5854
0.6049
0.5744
0.6167
0.5832
0.57
0.6326
0.5852
0.4675
0.5159
0.586
0.5642
0.6669
0.556
0.6504
0.6681
0.5991
0.7145
0.5921
0.614
0.5381
0.6048
0.5197
0.6221
0.6175
0.5577
0.5526
0.6074
0.6137
0.6747
0.5869
0.5844
0.5998
0.6452
0.5451
0.5657
0.5561
0.5612
0.5865
0.6295
0.6358
0.6803
0.5955
0.5153
0.6638
0.6301
0.5512
0.6321
0.5805
0.6841
0.6755
0.6103
0.6054
0.5883
0.6245
0.6344
0.6285
0.5342
0.6816
0.693
0.5684
0.6002
0.625
0.6619
0.5585
0.6142
0.5491
0.59
0.6791
0.5779
0.5787
0.5685
0.7105
0.6323
0.624
1.0082
0.6342
0.6412
0.5334
0.5624
0.5769
0.6559
0.6471
0.5935
0.7639
0.6456
0.628
0.5577
0.6398
0.627
0.6343
0.7624
0.5913
0.5794
0.6123
0.6135
0.5905
0.5454
0.6538
0.6598
0.5848
0.64
0.599
0.6403
0.61
0.6899
0.5666
0.6255
0.6138
0.6298
0.5575
0.5672
0.6471
0.6393
0.5945
0.6019
0.6448
0.5984
0.5907
0.5862
0.6488
0.6516
0.5968
0.5617
0.6742
0.6252
0.5018
0.6369
0.592
0.8053
0.5732
0.5571
0.6361
0.7041
0.572
0.6451
0.5752
0.5993
0.5458
0.6297
0.613
0.6022
0.6686
0.6571
0.6035
0.5193
0.5585
0.5641
0.7382
0.6016
0.5858
0.5908
0.6173
0.6436
0.6291
0.5497
0.5823
0.5863
0.5446
0.5793
0.5678
0.5799
0.6091
0.5899
0.6338
0.6474
0.5799
0.5566
0.5486
0.5218
0.6103
0.566
0.5891
0.6416
0.5912
0.5576
0.5785
0.5425
0.6723
0.6538
0.5982
0.5906
0.5343
0.5966
0.6794
0.5832
0.6441
0.63
0.6147
0.5346
0.5495
0.6391
0.5757
0.5666
0.5684
0.7323
0.5708
0.6235
0.5846
0.5626
0.5714
0.5098
0.6442
0.5867
0.6047
0.6354
0.5484
0.5807
0.6704
0.6385
0.6033
0.5947
0.5927
0.6614
0.5892
0.6501
0.5389
0.6359
0.6663
0.636
0.6146
0.5523
0.5418
0.6259
0.533
0.5363
0.5991
0.6102
0.5822
0.5511
0.5626
0.6405
0.5864
0.5995
0.5962
0.5875
0.5406
0.672
0.6112
0.5801
0.5361
0.5503
0.6223
0.5474
0.6141
0.5653
0.608
0.5879
0.6851
0.6441
0.5677
0.6576
0.8045
0.6016
0.6569
0.5937
0.6191
0.5137
0.5642
0.5383
0.6831
0.7275
0.6008
0.5797
0.6769
0.5508
0.6916
0.5482
0.6049
0.6755
0.6514
0.5873
0.5779
0.5226
0.625
0.538
0.6177
0.5419
0.5879
0.5693
0.6823
0.594
0.6485
0.6813
0.5975
0.4951
0.5224
0.5796
0.6147
0.5444
0.5615
0.6336
0.6342
0.6985
0.5581
0.617
0.523
0.6782
0.5634
0.6044
0.5625
0.5065
0.5627
0.5877
0.5539
0.5996
0.5763
0.6054
0.5344
0.7114
0.6299
0.5772
0.5977
0.5606
0.5577
0.5893
0.5995
0.5639
0.5377
0.545
0.5485
0.6259
0.5406
0.6407
0.6159
0.6291
0.6009
0.5815
0.587
0.5273
0.6108
0.5866
0.5587
0.5228
0.5468
0.6204
0.5452
0.6514
0.6059
0.6271
0.5903
0.5689
0.5364
0.8001
0.6558
0.5895
0.6063
0.545
0.5908
0.6881
0.5951
0.6392
0.6151
0.5106
0.6583
0.5414
0.6603
0.6404
0.5999
0.5934
0.5532
0.5409
0.5827
0.5933
0.5914
0.6057
0.5928
0.5762
0.5469
0.5753
0.6411
0.5264
0.6099
0.578
0.7379
0.5895
0.5978
0.5903
0.5656
0.663
0.6179
0.5905
0.5401
0.6798
0.5924
0.6305
0.6062
0.6461
0.7037
0.5975
0.6299
0.5582
0.6151
0.6184
0.6011
0.5774
0.5613
0.5814
0.581
0.6405
0.5173
0.6311
0.5916
0.5653
0.6191
0.6302
0.6023
0.5806
0.6432
0.5357
0.5801
0.6155
0.6203
0.6117
0.5589
0.591
0.5812
0.6534
0.6308
0.5406
0.6105
0.663
0.6065
0.5815
0.5536
0.5956
0.5856
0.5324
0.5309
0.6181
0.5836
0.6076
0.5967
0.5389
0.5386
0.5977
0.6064
0.5676
0.5622
0.6361
0.6171
0.5271
0.5684
0.6062
0.6056
0.6484
0.617
0.5968
0.5941
0.5432
0.546
0.5862
0.6081
0.5985
0.6587
0.6724
0.5523
0.6079
0.5333
0.5721
0.6504
0.5641
0.656
0.673
0.5235
0.593
0.6281
0.6116
0.6147
0.5607
0.6228
0.6045
0.6018
0.5649
0.5946
0.5708
0.6511
0.587
0.6184
0.5382
0.6297
0.66
0.5719
0.5533
0.6018
0.5681
0.6539
0.5382
0.5609
0.6285
0.613
0.6663
0.6083
0.5361
0.6406
0.6137
0.5816
0.57
0.5817
0.5839
0.5864
0.5893
0.5161
0.55
0.5165
0.5401
0.5804
0.5691
0.5667
0.5488
0.6901
0.5494
0.5576
0.6009
0.5538
0.6422
0.6988
0.6263
0.6567
0.5787
0.4761
0.5745
0.5133
0.621
0.6251
0.5711
0.6325
0.5827
0.5029
0.519
0.6432
0.5974
0.6651
0.6182
0.5466
0.6238
0.6544
0.5365
0.5618
0.5677
0.5911
0.5864
0.6014
0.6328
0.5776
0.6869
0.6187
0.5439
0.561
0.5502
0.5592
0.5418
0.5957
0.5707
0.6209
0.5622
0.5895
0.5165
0.5923
0.5905
0.5711
0.6132
0.6387
0.6733
0.555
0.6277
0.657
0.5858
0.6056
0.7017
0.5688
0.5992
0.6063
0.6075
0.6753
0.5416
0.613
0.5287
0.5391
0.6904
0.5916
0.6004
0.5852
0.5619
0.6076
0.5978
0.581
0.6994
0.6339
0.535
0.6608
0.6475
0.637
0.4996
0.6223
0.5536
0.6341
0.7299
0.6383
0.6232
0.5189
0.5331
0.5196
0.5707
0.5895
0.5792
0.6068
0.8018
0.589
0.6056
0.5457
0.5582
0.5457
0.6213
0.5467
0.5866
0.5798
0.574
0.637
0.6125
0.5892
0.5799
0.593
0.5893
0.5326
0.6381
0.6166
0.568
0.6476
0.7149
0.5223
0.5159
0.5905
0.6413
0.5164
0.5186
0.7077
0.6113
0.5983
0.5568
0.6531
0.5081
0.5976
0.571
0.5074
0.5542
0.5419
0.5866
0.6262
0.5794
0.5932
0.6519
0.618
0.5412
0.5952
0.584
0.5658
0.6142
0.5237
0.6262
0.5821
0.7214
0.5743
0.567
0.6017
0.5771
0.634
0.5723
0.59
0.6775
0.615
0.622
0.6616
0.5695
0.5697
0.6029
0.6706
0.5609
0.6593
0.5923
0.5741
0.6763
0.6611
0.6364
0.6436
0.5938
0.5646
0.5827
0.5531
0.566
0.616
0.5937
0.5552
0.6013
0.5868
0.5964
0.5873
0.5416
0.6113
0.6991
0.5676
0.5564
0.5843
0.5455
0.5682
0.533
0.5979
0.5793
0.578
0.6042
0.5247
0.6115
0.5589
0.6302
0.6341
0.6376
0.5915
0.5968
0.5241
0.6154
0.7302
0.5528
0.5858
0.666
0.5503
0.5608
0.5135
0.5894
0.6368
0.5994
0.6086
0.5539
0.6393
0.625
0.5697
0.6514
0.632
0.5708
0.6265
0.6406
0.6293
0.6268
0.5973
0.5986
0.5426
0.5533
0.569
0.5523
0.5755
0.5749
0.6333
0.557
0.5097
0.6093
0.542
0.5374
0.5782
0.5672
0.6345
0.6032
0.5721
0.6391
0.5823
0.5769
0.7955
0.5612
0.5486
0.5716
0.6256
0.5971
0.7742
0.6246
0.6122
0.5959
0.5974
0.5548
0.5628
0.6016
0.5642
0.5978
0.5697
0.5475
0.5575
0.6384
0.5149
0.6187
0.571
0.5589
0.6114
0.5834
0.5946
0.5646
0.5433
0.5968
0.6206
0.5703
0.6392
0.5417
0.5368
0.5276
0.6197
0.5884
0.5516
0.5831
0.5671
0.5559
0.6306
0.5915
0.5648
0.5252
0.5701
0.6119
0.6177
0.5293
0.5785
0.6363
0.6152
0.5915
0.6399
0.5128
0.6018
0.6243
0.5023
0.601
0.5812
0.5112
0.6107
0.4891
0.5939
0.557
0.5376
0.5637
0.5175
0.5962
0.6294
0.5665
0.5855
0.658
0.6599
0.5571
0.6172
0.543
0.5748
0.5942
0.6531
0.614
0.6483
0.5461
0.5907
0.6285
0.5592
0.638
0.609
0.5836
0.6664
0.6315
0.555
0.6345
0.5876
0.5243
0.6278
0.6248
0.6583
0.5438
0.6347
0.5559
0.6618
0.6052
0.5928
0.6344
0.6135
0.5347
0.5845
0.6062
0.5208
0.597
0.5705
0.6029
0.5674
0.5727
0.6537
0.5857
0.5259
0.5441
0.5684
0.5543
0.623
0.6255
0.5705
0.5833
0.6181
0.5453
0.5826
0.634
0.6343
0.6343
0.5976
0.6113
0.5481
0.6238
0.5021
0.5582
0.5931
0.6647
0.5969
0.5195
0.4963
0.5174
0.5709
0.5791
0.6115
0.5868
0.6522
0.7838
0.5906
0.6027
0.6052
0.6052
0.6016
0.549
0.5866
0.6175
0.5538
0.5525
0.6286
0.5912
0.5995
0.5523
0.5609
0.5987
0.5888
0.5828
0.5904
0.5551
0.5889
0.5982
0.5678
0.5442
0.6459
0.5982
0.5845
0.5745
0.5574
0.6534
0.5471
0.6563
0.6391
0.6443
0.543
0.586
0.5834
0.6571
0.673
0.5752
0.5155
0.5892
0.5072
0.5869
0.5733
0.6549
0.5767
0.5955
0.5916
0.6111
0.5901
0.657
0.5553
0.5757
0.5858
0.6044
0.5475
0.6038
0.549
0.5606
0.5646
0.5083
0.55
0.58
0.6391
0.5932
0.5481
0.5659
0.6808
0.5998
0.6597
0.5426
0.5938
0.6483
0.5927
0.6699
0.5514
0.573
0.5515
0.5954
0.62
0.6352
0.8077
0.5549
0.6051
0.567
0.6574
0.5306
0.5746
0.6111
0.5155
0.5727
0.5895
0.5688
0.5829
0.5812
0.5413
0.5351
0.6162
0.5618
0.5481
0.5669
0.6182
0.5917
0.5807
0.5185
0.59
0.5682
0.5937
0.566
0.6342
0.632
0.6585
0.5558
0.5656
0.5317
0.5754
0.6127
0.5582
0.5767
0.6205
0.62
0.5523
0.5999
0.6397
0.5716
0.6793
0.6126
0.6097
0.5612
0.5508
0.5998
0.6093
0.6155
0.5643
0.6198
0.5853
0.6041
0.6279
0.6464
0.5812
0.5702
0.5622
0.6221
0.5916
0.5306
0.5437
0.6279
0.589
0.5305
0.6247
0.6484
0.6422
0.6091
0.5882
0.6607
0.6033
0.6539
0.5759
0.5312
0.5953
0.5241
0.5392
0.61
0.5267
0.6578
0.5058
0.5754
0.6019
0.5247
0.6239
0.5284
0.6013
0.5532
0.9894
0.5855
0.5228
0.7209
0.6367
0.4927
0.5854
0.5283
0.6293
0.5648
0.641
0.6319
0.6672
0.5401
0.5596
0.5661
0.5836
0.5252
0.613
0.562
0.5531
0.7368
0.6358
0.541
0.6079
0.5435
0.5358
0.5936
0.5283
0.6101
0.5173
0.6161
0.5308
0.5708
0.5088
0.5583
0.6192
0.5783
0.6151
0.5988
0.6423
0.5473
0.6314
0.7103
0.62
0.6437
0.7656
0.6091
0.5836
0.5933
0.5384
0.6067
0.5549
0.5466
0.5804
0.5973
0.5535
0.5384
0.6352
0.6627
0.5686
0.6015
0.4663
0.6467
0.6759
0.6423
0.6185
0.5056
0.5428
0.5877
0.6831
0.5653
0.606
0.6156
0.5184
0.667
0.6328
0.6426
0.6041
0.6238
0.5289
0.681
0.5467
0.5264
0.4899
0.613
0.5639
0.5191
0.5804
0.5973
0.5492
0.5683
0.5301
0.6009
0.5277
0.5999
0.5731
0.6398
0.5643
0.6137
0.5857
0.6766
0.5876
0.4827
0.5317
0.6922
0.5688
0.6328
0.6248
0.6188
0.6311
0.5974
0.6083
0.5628
0.5683
0.5879
0.5659
0.5533
0.5873
0.6714
0.5223
0.5556
0.5312
0.5624
0.5486
0.6303
0.6551
0.5296
0.5631
0.5769
0.53
0.5185
0.5464
0.596
0.6046
0.5753
0.5359
0.5548
0.6016
0.5562
0.6706
0.5666
0.568
0.567
0.6264
0.643
0.6649
0.5959
0.6738
0.5532
0.6185
0.5929
0.5796
0.5305
0.5215
0.5535
0.5811
0.6263
0.5499
0.6515
0.5463
0.5498
0.6254
0.5597
0.6259
0.6337
0.5948
0.6063
0.547
0.5811
0.5417
0.5183
0.5908
0.6017
0.6375
0.5553
0.5395
0.5638
0.6923
0.6047
0.5685
0.5939
0.7197
0.5879
0.5753
0.5266
0.5391
0.5747
0.5572
0.5438
0.5982
0.5158
0.5774
0.5123
0.5809
0.6058
0.5239
0.6148
0.5548
0.5531
0.6534
0.5684
0.642
0.5739
0.6118
0.6599
0.5954
0.6105
0.6461
0.6702
0.5514
0.5501
0.6411
0.5901
0.5731
0.6328
0.56
0.5154
0.693
0.6665
0.5108
0.57
0.5837
0.5301
0.6237
0.5896
0.5342
0.6148
0.6759
0.5774
0.6459
0.5885
0.5208
0.5399
0.6511
0.5229
0.6225
0.5693
0.6356
0.6121
0.5435
0.5519
0.6608
0.5778
0.6193
0.6842
0.5228
0.5283
0.5234
0.5751
0.5259
0.529
0.5915
0.6158
0.7123
0.5664
0.559
0.5737
0.5825
0.6295
0.5786
0.5993
0.5637
0.5992
0.6311
0.7305
0.5996
0.6973
0.5486
0.5915
0.5437
0.5599
0.6049
0.6625
0.6178
0.6096
0.5822
0.567
0.4874
0.6094
0.5483
0.5931
0.5955
0.5479
0.6009
0.6245
0.5791
0.6036
0.5616
0.5751
0.5515
0.6649
0.6212
0.5737
0.5758
0.5563
0.5928
0.5674
0.5956
0.6322
0.6086
0.5475
0.638
0.6746
0.7652
0.5496
0.7821
0.5713
0.589
0.5996
0.5266
0.5799
0.617
0.5807
0.6519
0.6836
0.5858
0.5732
0.6074
0.6366
0.6167
0.5188
0.5951
0.6023
0.5664
0.6066
0.617
0.5875
0.5285
0.5708
0.5628
0.5608
0.5779
0.5432
0.558
0.5773
0.5367
0.5623
0.5709
0.5818
0.5724
0.5455
0.5766
0.5685
0.6335
0.5931
0.5727
0.5373
0.6288
0.6083
0.5525
0.5018
0.5366
0.665
0.5627
0.6046
0.7042
0.4743
0.647
0.5625
0.5695
0.684
0.5615
0.6298
0.52
0.5654
0.6379
0.5575
0.5567
0.7665
0.5571
0.6051
0.508
0.5392
0.5389
0.5799
0.5947
0.4883
0.5691
0.5636
0.5373
0.6193
0.5997
0.5765
0.6251
0.5766
0.5036
0.5886
0.5435
0.6164
0.5827
0.5413
0.604
0.5805
0.6054
0.58
0.5548
0.6213
0.5845
0.5889
0.6572
0.6022
0.5851
0.6194
0.544
0.6065
0.5065
0.5974
0.5518
0.6019
0.4848
0.641
0.557
0.531
0.6219
0.5381
0.5774
0.5848
0.6046
0.6334
0.6858
0.5719
0.5467
0.5565
0.5589
0.6132
0.6238
0.5771
0.5669
0.5427
0.6285
0.6403
0.6508
0.5627
0.5031
0.6333
0.765
0.5474
0.597
0.6729
0.5484
0.551
0.5832
0.5786
0.5757
0.5736
0.5436
0.5682
0.6359
0.6206
0.6278
0.5925
0.5783
0.5996
0.5811
0.5829
0.5915
0.533
0.5881
0.6002
0.66
0.5476
0.6014
0.5518
0.665
0.6071
0.5544
0.557
0.5973
0.661
0.5365
0.6602
0.644
0.5649
0.6553
0.5839
0.6424
0.5633
0.5508
0.573
0.5283
0.5921
0.5291
0.641
0.6155
0.5858
0.5721
0.6202
0.5997
0.6365
0.5271
0.5286
0.5836
0.612
0.6041
0.575
0.5796
0.619
0.6302
0.5669
0.5975
0.6
0.6375
0.5511
0.5682
0.5959
0.5759
0.6285
0.5597
0.5501
0.5991
0.61
0.5136
0.5762
0.596
0.5986
0.5432
0.6121
0.5645
0.7251
0.536
0.6059
0.5891
0.5196
0.6051
0.5699
0.6169
0.5905
0.5833
0.5927
0.6343
0.5478
0.6125
0.5443
0.5935
0.5394
0.5751
0.6319
0.5684
0.5827
0.5335
0.5872
0.595
0.5534
0.6028
0.5191
0.6736
0.5647
0.81
0.5538
0.5684
0.6136
0.5102
0.6282
0.6165
0.572
0.5671
0.5738
0.5646
0.5566
0.5667
0.5498
0.5474
0.6469
0.6866
0.553
0.5611
0.6271
0.6784
0.5487
0.5665
0.5557
0.5746
0.5498
0.5545
0.5636
0.609
0.5968
0.6145
0.5642
0.6387
0.6678
0.5481
0.6856
0.5344
0.5987
0.59
0.6188
0.6058
0.5978
0.5426
0.4823
0.5274
0.6479
0.6359
0.6314
0.5007
0.6803
0.571
0.5695
0.5886
0.6421
0.6072
0.616
0.5923
0.5819
0.5566
0.567
0.6536
0.6153
0.675
0.5611
0.559
0.5978
0.6338
0.544
0.5577
0.6614
0.6152
0.5905
0.4765
0.6779
0.5716
0.552
0.5843
0.5769
0.579
0.5974
0.6014
0.6404
0.6133
0.5061
0.6087
0.5623
0.6675
0.5244
0.5974
0.5584
0.5463
0.7374
0.6159
0.6039
0.6513
0.6219
0.5913
0.5563
0.6201
0.5556
0.5251
0.6673
0.5932
0.5545
0.5623
0.5409
0.5456
0.7143
0.5537
0.6295
0.5711
0.7015
0.5604
0.5952
0.5623
0.629
0.557
0.6416
0.6349
0.6267
0.5544
0.5753
0.629
0.6263
0.5494
0.588
0.5641
0.6349
0.6245
0.596
0.5924
0.5682
0.551
0.5931
0.6449
0.5991
0.5815
0.5885
0.6454
0.5291
0.5489
0.6041
0.5559
0.5522
0.5379
0.6328
0.5764
0.6204
0.5815
0.5731
0.5783
0.6091
0.7492
0.5647
0.5442
0.5802
0.5608
0.4895
0.585
0.6029
0.5932
0.5863
0.6528
0.5361
0.5963
0.6146
0.5721
0.6199
0.6023
0.5812
0.6252
0.6215
0.5924
0.5291
0.5936
0.5849
0.5713
0.5549
0.6055
0.5932
0.6225
0.5624
0.628
0.5469
0.6059
0.5891
0.5506
0.555
0.561
0.5715
0.5953
0.6729
0.6455
0.5889
0.6607
0.5473
0.5754
0.5496
0.5168
0.5424
0.5545
0.5626
0.5948
0.61
0.5504
0.5831
0.6291
0.6629
0.7224
0.5212
0.547
0.5993
0.6129
0.5879
0.547
0.5203
0.6105
0.5939
0.5606
0.6179
0.7857
0.5442
0.6591
0.5805
0.5635
0.5987
0.5455
0.6409
0.5589
0.5576
0.5296
0.6493
0.5783
0.525
0.6422
0.6088
0.5944
0.5786
0.5831
0.5386
0.5505
0.6028
0.5913
0.5666
0.7678
0.5942
0.5779
0.6195
0.7046
0.5072
0.6677
0.6472
0.5556
0.6008
0.5366
0.6118
0.5909
0.5447
0.6431
0.622
0.5823
0.6211
0.6375
0.5787
0.5867
0.5506
0.5475
0.6229
0.6968
0.5838
0.5741
0.6109
0.5957
0.5564
0.6208
0.5691
0.5945
0.5334
0.5864
0.6383
0.5309
0.5919
0.5498
0.5588
0.604
0.5881
0.5636
0.6515
0.6414
0.5986
0.5506
0.5316
0.5992
0.5923
0.5499
0.6068
0.5229
0.573
0.5942
0.531
0.5787
0.6106
0.62
0.5677
0.5821
0.4811
0.7015
0.5742
0.5575
0.5678
0.5823
0.5456
0.6145
0.5039
0.5695
0.6298
0.5547
0.5574
0.5747
0.5678
0.6714
0.5337
0.5786
0.5735
0.5207
0.5943
0.6371
0.5808
0.4776
0.5102
0.5615
0.6472
0.5702
0.6484
0.5088
0.585
0.5141
0.5247
0.5595
0.6065
0.6069
0.5782
0.6161
0.5149
0.536
0.6248
0.4926
0.5424
0.5849
0.5369
0.5744
0.6129
0.5578
0.5893
0.5788
0.6267
0.5502
0.5969
0.567
0.5229
0.5424
0.5676
0.5844
0.5984
0.544
0.587
0.4911
0.6092
0.5849
0.624
0.6435
0.5688
0.5547
0.5336
0.564
0.5764
0.5758
0.6043
0.5414
0.5514
0.576
0.5534
0.5524
0.6034
0.569
0.6759
0.6005
0.5451
0.5857
0.5285
0.5437
0.6198
0.5846
0.5079
0.6574
0.6545
0.565
0.5414
0.5771
0.5461
0.5356
0.5467
0.5551
0.5934
0.5328
0.5814
0.606
0.4873
0.5649
0.5607
0.5668
0.5297
0.6451
0.5747
0.6218
0.5831
0.5901
0.6155
0.5811
0.6184
0.5939
0.5379
0.6063
0.5438
0.615
0.6687
0.5714
0.5872
0.5949
0.563
0.572
0.5578
0.5736
0.5552
0.526
0.6396
0.5651
0.5535
0.6309
0.5717
0.5684
0.587
0.5424
0.5466
0.4696
0.6868
0.5736
0.5924
0.5389
0.595
0.6277
0.5895
0.5914
0.5738
0.5281
0.6466
0.6474
0.5763
0.5574
0.525
0.648
0.5101
0.5648
0.6534
0.5966
0.6115
0.5577
0.6518
0.5685
0.5082
0.6416
0.5788
0.5331
0.4953
0.661
0.5594
0.5689
0.5636
0.5061
0.6416
0.5384
0.5954
0.559
0.5895
0.6169
0.5865
0.6532
0.5833
0.6186
0.5899
0.5279
0.5776
0.5715
0.6389
0.6141
0.5728
0.5667
0.609
0.5903
0.5652
0.6372
0.5272
0.5599
0.5747
0.5253
0.6469
0.5838
0.5801
0.5889
0.5539
0.6095
0.5852
0.5238
0.5404
0.5497
0.5514
0.5878
0.6092
0.5391
0.5372
0.5067
0.5372
0.5549
0.5794
0.5943
0.5773
0.6872
0.5633
0.5287
0.5303
0.5923
0.6216
0.5446
0.6336
0.6114
0.5759
0.6143
0.6369
0.5374
0.5425
0.5963
0.5916
0.554600690899952
0.575555458312823
0.613814417467444
0.618926195845381
0.595586997574267
0.522745862819243
0.564656187810339
0.576038299317387
0.613267294289481
0.582149366870968
0.556945873459592
0.620144969611745
0.551943590160813
0.533636847537552
0.627973735474522
0.574888130945655
0.65991236831619
0.598476433215309
0.623228478172072
0.554461014691641
0.570748955200678
0.614721344340457
0.576218033416402
0.508993981792752
0.615712412049939
0.589251018335689
0.583960376238664
0.569639937027719
0.51448594741664
0.556889627963339
0.699780475920437
0.549704978194348
0.673660557946677
0.622518740978787
0.521687315475384
0.615049285265644
0.565939720079283
0.530594107559171
0.618534200298518
0.613168730522567
0.619347149035941
0.609354586318508
0.568810155287055
0.542883241325681
0.67463801942373
0.520427348358668
0.511445729342672
0.587981385575921
0.640964962893605
0.605138935746871
0.58644730363146
0.536399977871069
0.602455017308065
0.606101944976934
0.61582948121546
0.643735185148094
0.53662202484169
0.556923140446683
0.587333881873148
0.625147837520411
0.524985649597872
0.620728367302996
0.497574749549732
0.561496164380747
0.56020360926027
0.637038281366675
0.526286529470019
0.609377500699205
0.638148908743885
0.554790867089018
0.638968893713948
0.668621636463826
0.577933717420771
0.573736417645154
0.489957552341396
0.566984565726592
0.554229984102436
0.641155384940562
0.556993421200925
0.522740340462446
0.64787292533319
0.566671949949212
0.587183269889605
0.660722911127714
0.52112709009509
0.55690786559482
0.538129602069515
0.634074099053909
0.497049745033051
0.581062946500824
0.602339119155773
0.602221640385414
0.560662083051034
0.550890769992335
0.582413627469787
0.531318651059314
0.564639184267247
0.593911565158448
0.425807945246046
0.623689328621054
0.605636349052575
0.565082543908035
0.471762629588351
0.566212780954342
0.486788259714756
0.530156168122383
0.569434210340276
0.653247054599361
0.590317890741828
0.569186760601935
0.58246350310943
0.559673282545639
0.52461893529958
0.584110601348903
0.567457068812238
0.597899413982894
0.566016557427261
0.524016068243182
0.492162428024209
0.524543164629663
0.583530560658079
0.521975139617254
0.573477006562012
0.659323066634972
0.631308159050058
0.65024803736757
0.655631326892604
0.524238442077683
0.539581184365325
0.632176968257197
0.479502148446945
0.607923510299616
0.621390910392717
0.55794428201409
0.559917386181198
0.521814485546029
0.601111175814338
0.543400659631473
0.626252240702506
0.54521919187123
0.578438965529724
0.651489686396711
0.581054654018641
0.582755951826292
0.606997323407941
0.51117061974212
0.629739648447285
0.660222945577815
0.625821796039848
0.608335704988513
0.605664253922066
0.688619517959409
0.650801338203618
0.542337868487858
0.621403141056888
0.630388688055573
0.579169927303773
0.683472738716047
0.585627171698698
0.624783184835417
0.605512511730876
0.674560165232171
0.618517661013011
0.603747729480478
0.556005608398792
0.661486632850666
0.527085487765758
0.570785210983752
0.623492349486945
0.611670634346127
0.584031213212878
0.670189272531379
0.513259446750316
0.630470012077966
0.594932698045587
0.556221138154611
0.523101994493622
0.678521992163126
0.55017745637364
0.538733634305572
0.587718721586867
0.569622165048522
0.586947704749238
0.628150426937808
0.549225676944168
0.487869557578587
0.564843017704736
0.600845895944958
0.536507159900921
0.516550567577018
0.58499337390702
0.567346362961514
0.608879147973003
0.591737362488477
0.61549333732837
0.595412862441928
0.495984970481282
0.573413954947673
0.549711559671991
0.640145980464198
0.564849120455916
0.527626972333308
0.547318421749233
0.560806679129369
0.570316375182552
0.471394201851594
0.611485328362529
0.588112109759712
0.641431684604539
0.585017851374079
0.557844279411404
0.508826926764115
0.670756412151918
0.637056818092166
0.572072900775059
0.555901328460567
0.552191830481772
0.576747062032525
0.465574986654608
0.624138860621149
0.523467567112129
0.657924620069532
0.659228179712292
0.527605608883058
0.540415957989443
0.57064385204002
0.62764664547751
0.595971588755228
0.646215419900196
0.595943045124954
0.548528404756543
0.603635081548023
0.57964178854324
0.600244206987369
0.541368417749478
0.523610503443519
0.498964554119497
0.597974512373144
0.603451683498475
0.574482405180729
0.616815791564287
0.537470668775737
0.48595195938128
0.540493806750824
0.531977866094889
0.601536289430071
0.645805425791451
0.523512068562035
0.598092764725037
0.508262357571197
0.5961014998826
0.588352603983785
0.566365739244368
0.602542366832155
0.576157735554762
0.588614739984379
0.577198030703118
0.555726867337411
0.596609010385576
0.57677916143017
0.528064776130568
0.556020337864895
0.570747445030976
0.534863505828179
0.599290584804151
0.53596964969319
0.508840548772931
0.616380278575721
0.623583911379235
0.570147722654504
0.679376999653902
0.596279462458261
0.569541167995509
0.596865145701579
0.611678899654134
0.585012236889652
0.512956804958479
0.504011772129364
0.540856552712313
0.627148179741631
0.600782627911422
0.617752138415406
0.606342881518017
0.627589186042441
0.606500773153516
0.522829007653078
0.552718400114964
0.567786491630597
0.562652728218353
0.708578621009803
0.457638979132133
0.615251594335516
0.582455742650576
0.584820621771173
0.578818192157399
0.614481010278486
0.578237192949689
0.607767481589458
0.574422954321413
0.49487037773992
0.563692894700477
0.586814068455448
0.621230187461627
0.517576049717459
0.540905324750287
0.659965512039995
0.576441261592179
0.577209462267135
0.570350343244621
0.59111964321523
0.577103383366776
0.532499914885425
0.637756602472137
0.600244545255458
0.569811627129511
0.56023052775328
0.574903378517318
0.54425104937803
0.544827546058077
0.651354339777986
0.620684126376438
0.528296633491762
0.667095652435062
0.610829465993719
0.601243167557021
0.52247807909158
0.633269618695661
0.586697040658264
0.506617101042592
0.624412981793843
0.645700414503554
0.591687641877853
0.530938442682047
0.598261768601175
0.554900733073736
0.545627781868466
0.596465346295217
0.548864326074448
0.54507485270192
0.610941188677908
0.587542497902699
0.556789243739318
0.626958046796033
0.517016328652572
0.545510983246965
0.47958221676092
0.559709789167764
0.621319102669128
0.527099455729552
0.595920646749044
0.554465977817963
0.622569077733008
0.584571726158642
0.525931004374608
0.619946909526784
0.608616349280886
0.548593971237595
0.603579070016206
0.601153095968183
0.600673906739707
0.595983669626507
0.484235374031508
0.572689556302788
0.636298182393194
0.608798573930377
0.64339786436109
0.676914308020881
0.589529758673433
0.575721048350828
0.65269224571865
0.596727607048919
0.550401922318167
0.578334268117739
0.58664023041684
0.538946887070178
0.577606919707041
0.535129931889285
0.591709178916997
0.629148506573178
0.601081623614109
0.543867416193502
0.612490452667487
0.610690718552619
0.537570401082605
0.608396569024627
0.485342747754856
0.63068114358299
0.603552449088122
0.508833175639948
0.546677040632721
0.526329933396539
0.558071986719686
0.667609825519033
0.627667597006195
0.640711856081946
0.660645103678277
0.593699252213001
0.597736889121058
0.581920275584524
0.710135409069171
0.601613093013296
0.556089880925642
0.528679745344123
0.60894213715993
0.584559708217935
0.58600963996792
0.654762477221805
0.599366535587934
0.666575341881681
0.7007
0.5578
0.4759
0.5441
0.6219
0.5515
0.5887
0.5389
0.6452
0.577
0.6162
0.4722
0.5358
0.6438
0.5667
0.7642
0.5852
0.5718
0.5796
0.5408
0.5948
0.5715
0.5696
0.5681
0.5914
0.6047
0.5738
0.5752
0.592
0.6049
0.5621
0.5242
0.5849
0.5596
0.4887
0.6161
0.6449
0.5539
0.5451
0.5642
0.6788
0.5324
0.5242
0.5793
0.5489
0.5283
0.5702
0.5821
0.5035
0.5709
0.6121
0.5753
0.573
0.5744
0.5987
0.6159
0.5533
0.6062
0.5841
0.6425
0.6642
0.5662
0.581
0.5942
0.6658
0.525
0.6321
0.5308
0.6016
0.5586
0.5226
0.5311
0.6087
0.545
0.5316
0.6627
0.6751
0.5946
0.5936
0.6562
0.5731
0.5576
0.5681
0.5515
0.5328
0.6344
0.5648
0.5345
0.6518
0.5829
0.6573
0.5701
0.5559
0.5794
0.6064
0.6505
0.635
0.6199
0.5875
0.5316
0.5323
0.5002
0.6055
0.5567
0.5004
0.5876
0.5137
0.6011
0.5714
0.5809
0.5632
0.5262
0.5052
0.5467
0.6407
0.5756
0.5666
0.5465
0.6203
0.6424
0.6174
0.5952
0.5592
0.5969
0.5813
0.6471
0.6195
0.5547
0.6068
0.612
0.727
0.5805
0.5393
0.5702
0.5859
0.6026
0.6345
0.5764
0.5591
0.4872
0.5321
0.6589
0.6257
0.5421
0.5028
0.5239
0.5925
0.5448
0.5949
0.5821
0.5295
0.5324
0.514
0.5983
0.5774
0.6829
0.511
0.6107
0.5744
0.6173
0.6352
0.5246
0.6152
0.5338
0.5434
0.5526
0.5675
0.5248
0.5868
0.6322
0.619
0.5816
0.61
0.5884
0.5316
0.5581
0.5199
0.5881
0.6439
0.5744
0.5196
0.6376
0.496
0.633
0.5498
0.6111
0.5689
0.6288
0.6023
0.5693
0.6359
0.5823
0.5483
0.5217
0.6372
0.5453
0.5698
0.5791
0.5453
0.7118
0.5915
0.5017
0.5766
0.5878
0.5952
0.6753
0.5831
0.6147
0.6596
0.5916
0.6109
0.6457
0.6217
0.5975
0.6045
0.5887
0.5754
0.5175
0.6647
0.5595
0.5995
0.5854
0.5889
0.5827
0.6198
0.5773
0.5747
0.6109
0.5731
0.6045
0.6658
0.5067
0.6484
0.6143
0.5257
0.5368
0.5587
0.5441
0.6484
0.5555
0.6249
0.6614
0.6129
0.621
0.5302
0.5543
0.5512
0.5598
0.5671
0.5082
0.5598
0.5783
0.5869
0.5643
0.5938
0.569
0.5321
0.5897
0.5515
0.5567
0.7315
0.6196
0.5451
0.5789
0.5873
0.5485
0.5148
0.6165
0.5291
0.5915
0.6118
0.6205
0.5688
0.5295
0.6123
0.5651
0.5289
0.5913
0.6764
0.5548
0.6309
0.5732
0.5099
0.5468
0.6046
0.6206
0.5583
0.5677
0.4938
0.5642
0.5148
0.5623
0.6382
0.6349
0.575
0.5716
0.5512
0.6114
0.5321
0.586
0.6135
0.6328
0.6881
0.6715
0.6747
0.5226
0.6311
0.5898
0.5752
0.6321
0.5937
0.5979
0.5907
0.6062
0.5279
0.6382
0.5322
0.5257
0.6335
0.5174
0.6338
0.5864
0.6126
0.5705
0.7108
0.718
0.5472
0.6024
0.6214
0.5934
0.5376
0.5779
0.5673
0.5793
0.6004
0.588
0.5089
0.5324
0.5507
0.5759
0.6046
0.5993
0.5801
0.5537
0.551
0.5759
0.6154
0.6181
0.5845
0.5418
0.5685
0.6084
0.5323
0.5596
0.5871
0.5413
0.5812
0.6233
0.4972
0.6141
0.6091
0.6158
0.5935
0.5737
0.5806
0.6889
0.6315
0.5833
0.5975
0.5657
0.5948
0.7827
0.6112
0.5851
0.6454
0.5911
0.5541
0.5896
0.5617
0.5501
0.5749
0.518
0.4738
0.5449
0.5968
0.6073
0.5758
0.524
0.6871
0.6096
0.575
0.5956
0.6309
0.5209
0.5599
0.5255
0.6433
0.656
0.6183
0.5841
0.6212
0.5909
0.6043
0.5138
0.5756
0.543
0.532
0.5205
0.592
0.605
0.5597
0.6064
0.6647
0.5509
0.5543
0.5938
0.5803
0.6171
0.5916
0.5568
0.6759
0.6517
0.5787
0.6397
0.5097
0.6056
0.6082
0.5623
0.5435
0.5548
0.6188
0.581
0.8692
0.5271
0.6295
0.5574
0.594
0.5904
0.6105
0.6107
0.5802
0.5954
0.5745
0.5926
0.5954
0.5596
0.623
0.7161
0.7304
0.6269
0.645
0.5406
0.6349
0.5347
0.634
0.6358
0.5673
0.5084
0.5717
0.5398
0.592
0.5405
0.5447
0.5297
0.5717
0.601
0.5733
0.539
0.5993
0.5433
0.5249
0.7898
0.592
0.57
0.7418
0.5901
0.6106
0.5626
0.629
0.5826
0.5109
0.6081
0.6417
0.5375
0.576
0.6273
0.5308
0.6598
0.5349
0.5464
0.5447
0.6406
0.5265
0.5908
0.6033
0.6335
0.5869
0.642
0.5396
0.6528
0.5634
0.5522
0.5812
0.6415
0.6015
0.4966
0.5166
0.5994
0.5684
0.5474
0.5666
0.6376
0.5134
0.5307
0.6175
0.727
0.5521
0.5755
0.5949
0.5506
0.6054
0.6472
0.6313
0.5743
0.5668
0.6194
0.5681
0.5807
0.6055
0.6251
0.5676
0.5826
0.5937
0.5709
0.551
0.619
0.6378
0.5452
0.579
0.5674
0.5691
0.528
0.5598
0.5941
0.5524
0.580765645702976
0.527113908793585
0.549210558510297
0.600181819948471
0.663836080613974
0.650508497420216
0.5899644030492
0.544232662400496
0.552388694516379
0.629774343521443
0.545332476055524
0.576597971626346
0.560266941544262
0.572194397129335
0.625630173074842
0.520856738131416
0.521734047510541
0.676448806213106
0.627384806916073
0.645822986688534
0.544026850605475
0.540729467443196
0.62127963599301
0.592429720601687
0.598184920897173
0.643484589700211
0.584279728704284
0.650539257044163
0.615226021965228
0.607935663183881
0.606809220935357
0.551173837138013
0.657444574668969
0.629224022969507
0.613814673217424
0.548699295424653
0.505786658914518
0.566926244333286
0.604020994686208
0.565766709592465
0.539992076345044
0.633379037619871
0.694100334803125
0.655718182539249
0.582765233277052
0.635811432889598
0.590758676796734
0.648963483675484
0.550845609437929
0.608423204201533
0.629616395545819
0.601501882320058
0.523285744430533
0.648067914505424
0.571713671629264
0.554703182987402
0.579684321349361
0.559524848873539
0.59514713459087
0.646022871204826
0.637017723141225
0.62278622921746
0.585907182361601
0.584613985839424
0.588233597949719
0.679197296069143
0.657058026129287
0.506298432315764
0.558998013257878
0.57329468813951
0.629414460284032
0.608130690432674
0.56762385802567
0.563765699666472
0.546733028550791
0.578000697038288
0.66084699993833
0.652213963798475
0.591009876829168
0.623001775246533
0.625677371206144
0.544115465915444
0.542358834387504
0.530792767928667
0.619679710991753
0.56786097861098
0.611234799157668
0.666416885078782
0.63823827582586
0.562661838845636
0.511693468348489
0.624406714581945
0.602531364305193
0.589489324825183
0.631943078645277
0.595776924074703
0.635479799725848
0.624222738832757
0.545863475663605
0.52557366055492
0.524058428990887
0.643485426187488
0.580575729961147
0.602310899067075
0.55837495587855
0.61993168245951
0.603607899767948
0.596433937566758
0.604959138454281
0.553477425135927
0.64278740643248
0.571963579851981
0.663724510442911
0.615275748905861
0.579056174254118
0.619145386848062
0.570675002975675
0.563602073278012
0.646516170550708
0.562875095001492
0.616052842309308
0.638937879727153
0.52988568663707
0.559499090488224
0.660858625184246
0.584607213423456
0.575244910978327
0.567208404075829
0.607520128242412
0.526876741844261
0.550684473575496
0.710838782145625
0.643765583104804
0.574368756405385
0.55528307531232
0.570254765161393
0.594232889995386
0.59256847312753
0.558360323654399
0.563191446348797
0.526152621700798
0.577518053162774
0.644445103950736
0.55031461737578
0.572338129615236
0.544537256070362
0.616681492154971
0.590109337565404
0.633006031524952
0.521540218767921
0.629540671548487
0.562625658509425
0.621464747157801
0.569935119456673
0.635507076541459
0.577366561960126
0.611815755379131
0.553735907958737
0.634060544728503
0.596345545515148
0.614418546025904
0.526396156478799
0.571743969074011
0.589911499058878
0.587704152712581
0.68330818113693
0.592368285200714
0.583594893398318
0.536727797897187
0.566762624966143
0.641775963363713
0.58607841009944
0.596140234653288
0.600635698835407
0.60569774049622
0.685794178714585
0.629640969469573
0.599866314369316
0.600833905553129
0.599295350204573
0.61265369818164
0.625235545204267
0.603506578095384
0.546618385888627
0.668442233007557
0.625210704051166
0.594363631046553
0.50228306578163
0.606656766905438
0.599330599460017
0.607214358506772
0.505813098033401
0.562978209649324
0.612681686411929
0.615682262270059
0.65761692063853
0.578264427686162
0.551752819632358
0.582653502306908
0.518643633548599
0.610799217298822
0.549389184867675
0.609382824427169
0.547761437860845
0.56995768366467
0.614892295480597
0.595525268112681
0.582741358043242
0.596587665241565
0.525137186553135
0.529431655086514
0.564635707939795
0.585791843554521
0.556713275839933
0.521459425188737
0.622559339364233
0.522066628078381
0.543517571176614
0.560977236808638
0.623882770655006
0.505911566154372
0.514093844976341
0.525895045444366
0.564200679637818
0.623629967507085
0.490947514239132
0.622433384103858
0.55120653251199
0.599381146555012
0.500750541521074
0.54524736204471
0.58363060322577
0.557988567991176
0.652325449554086
0.459552231724934
0.602458182715699
0.55997454626005
0.610001721290235
0.618184930958381
0.520422527516818
0.562527341406544
0.565249881607039
0.608870141188964
0.536604034053353
0.666810281935491
0.584132819963158
0.597177496769561
0.587937392695059
0.572561389776093
0.564154440033083
0.549484369465196
0.55213707006316
0.591487040719142
0.634793331474257
0.49340637333422
0.577413310347277
0.572386126184516
0.52300590805321
0.526031272315931
0.579608816983244
0.569844431601988
0.565546034708278
0.604870032781012
0.596308945165759
0.573322462197407
0.553077296890974
0.54432959905264
0.576025717161243
0.565009506129391
0.563902818583315
0.569800865530539
0.539124747182413
0.545701357002
0.54181325216625
0.586655524172679
0.637211869017293
0.661397933510024
0.610122693149388
0.497829866642843
0.526148587785876
0.598649503583613
0.552161843181322
0.615763796569987
0.59457404693988
0.621509858639961
0.592741398269876
0.64708756246506
0.534879736843858
0.642394647521695
0.567521785912909
0.650167730638384
0.52270078906456
0.615461423581599
0.540848389141095
0.526701777668145
0.555681197150492
0.552772634542036
0.565737651155756
0.617265710726494
0.574739593572475
0.621290051607669
0.634011566302252
0.558342252423458
0.628592751478395
0.520923179568581
0.52654546577243
0.464757548966182
0.572119553780143
0.644573510907617
0.6149500545615
0.582111507225607
0.563867288954828
0.617871102501432
0.555016979846639
0.55647905520778
0.662559473525345
0.534003555529407
0.639639496568128
0.556549446514886
0.509045294239866
0.648665358998035
0.6482174052119
0.453453892227426
0.65623381167603
0.524636763716427
0.546776825769953
0.545514844230531
0.602525733178326
0.562253558598479
0.532177072520605
0.594232854666922
0.594689874480469
0.541548494615827
0.591788247314598
0.631871398175733
0.652460768809851
0.53172646604449
0.611730074345988
0.579301718710789
0.568090471740615
0.619026755766427
0.586944731785113
0.549433892608125
0.541343836707543
0.530220092343589
0.543303247273915
0.563728410058526
0.667597657432043
0.576660348105959
0.576486040830074
0.593143137622142
0.513226536493635
0.547776401962118
0.566510356426268
0.679714488101066
0.51241148736384
0.632076161395546
0.583642809145982
0.542893641954035
0.548621938984844
0.600540386504655
0.48721518304643
0.491532094760761
0.531314578877879
0.471531590299291
0.474255927777266
0.612812723536675
0.617734200975836
0.591426531530839
0.551357579431148
0.529761275948001
0.507612414836421
0.553667764099149
0.59489957629684
0.556209111109714
0.630057903732351
0.579312858941357
0.561785950329931
0.561969608473051
0.597342174361702
0.656481669287159
0.608035480914855
0.620236359789473
0.483084610703638
0.656093369474467
0.601977787613242
0.61923300205905
0.501366009354386
0.636602728323402
0.520547042769643
0.654863819434749
0.555499032164394
0.613539004725041
0.531177603478295
0.593756291888919
0.542864846380278
0.522119149987732
0.641828826020979
0.630948494645747
0.563895135833305
0.5466396694909
0.56385117629224
0.573938263615466
0.57000488881816
0.485513292656894
0.547882604955533
0.59201847472335
0.538800155191142
0.511489898474069
0.534984350483809
0.591293972784104
0.564299815256324
0.532862557406375
0.660250838864727
0.646371021934124
0.597683710811383
0.562325979656506
0.597226104852386
0.617356888534347
0.564777913590044
0.527367002977673
0.58983603013572
0.664452006470686
0.560258519317784
0.54912369514597
0.543513825010735
0.676240899601428
0.582223103124605
0.520573821226376
0.568510553797202
0.648834259505534
0.631885477141696
0.582356308325371
0.626790536397268
0.600715506006303
0.540002997297647
0.625224600679019
0.516611369750194
0.644540468828348
0.611824575231322
0.610389876362102
0.541923358207994
0.572653721651282
0.604497033587862
0.69218002041004
0.563484740457528
0.538283045771911
0.639987714665077
0.527675070065079
0.497394295260672
0.621538721219757
0.577429553835496
0.577601315207228
0.615811534182303
0.539429823854134
0.456081505625259
0.644252127721794
0.595851731178481
0.6156129962995
0.637328506327208
0.587980701553387
0.572556181408648
0.517250321783901
0.559565480619369
0.536059159388658
0.498240914813251
0.600901564588712
0.669299120363594
0.636936120644728
0.492402315739546
0.661901227856644
0.538993235886145
0.613199722766042
0.546928271938415
0.627729526535553
0.586678428946172
0.582316693922303
0.577599944551512
0.564249542471458
0.555335388284767
0.570726656934465
0.606942066702528
0.514820169180721
0.558622341456957
0.6014202344433
0.583480986525886
0.666156772976423
0.555735813923865
0.555087653709826
0.664106494651408
0.636598470851525
0.618232879826184
0.507487250901812
0.568602782184125
0.606141073955209
0.625077888494548
0.565463521719593
0.59591189688117
0.607156262641434
0.615194691162031
0.593210768663283
0.581494400536862
0.599882231400843
0.628515930017369
0.576680771050941
0.597036789407942
0.62907110053882
0.535963160038031
0.574026806395131
0.583879986026089
0.564189901392754
0.575961431828706
0.595017104657031
0.605906781592255
0.562649479754369
0.518808298172771
0.594693641913114
0.590905672295219
0.571959602134729
0.655084372814764
0.582402282725916
0.580867129185862
0.669232080553526
0.556540402920529
0.562333468592143
0.629980399338921
0.616158926036261
0.621330449171919
0.596291470501528
0.697783194967676
0.551889798139907
0.625886722737497
0.569619461334546
0.538936595748843
0.549777774503174
0.688234046067774
0.566048429993415
0.624383418043999
0.545879048382684
0.609541543737129
0.59786420802721
0.602052740890896
0.610453622613842
0.541675443717439
0.532296913383446
0.60349039329555
0.585484548020583
0.59825389546513
0.648613453443647
0.56470877515447
0.572884394665404
0.632375998062453
0.556057090136149
0.603124689889601
0.608145152210942
0.525052137453626
0.597132978964439
0.663316285311604
0.507795471149196
0.550158123012301
0.527433376583418
0.56974568319041
0.520043734941335
0.579094104272687
0.598523445935537
0.574606639210032
0.585910151454609
0.528673897312917
0.602447096383419
0.572388062435168
0.648061928498913
0.600902065797249
0.543998975125103
0.629083884468751
0.639670808469794
0.595452528049553
0.588618786675578
0.578636096802384
0.491283475692151
0.57663076756751
0.60572554258069
0.56452869077725
0.54984489239434
0.525893817230896
0.524451577694827
0.531988949844166
0.546864295393329
0.598566522382121
0.681089036251208
0.647183274307442
0.650529296772308
0.63989254584095
0.620863803359003
0.639940507961284
0.563985172227988
0.572068927357933
0.626163340508409
0.564719612617303
0.616154968982757
0.621751610410583
0.577106327948535
0.620375745202705
0.537691215047887
0.550932939342032
0.501284416199776
0.594111984174673
0.566088158215364
0.611558864324313
0.56614237665257
0.570595968599738
0.619382571421067
0.646176241272472
0.623566995552749
0.554791011407351
0.604605996338458
0.565930605507857
0.562021630105189
0.557919980192997
0.571692641165493
0.644510053359861
0.566147272622262
0.566149376066078
0.620980424374406
0.625943693885308
0.574318627279854
0.575935726316155
0.637020066254542
0.608375886578433
0.575539053127192
0.567225816109828
0.644606011286838
0.571736149130072
0.465809784677914
0.613106663839967
0.548836569765032
0.526751490374449
0.542106043148222
0.524754469731329
0.622581584180006
0.569372116200013
0.464709541348841
0.674128322915367
0.56735595570228
0.561825769043988
0.607806014191926
0.615076841253631
0.608644684859607
0.514575065276591
0.620566628158639
0.543474106378906
0.613640679026702
0.638154089666948
0.657440929202276
0.622747054907238
0.641219086506722
0.5892796492667
0.650911905456512
0.530009533151284
0.534415309623525
0.61036284035183
0.494141024508158
0.604385907254466
0.653162325673288
0.560063859934393
0.593451420485548
0.57029482297263
0.561968425652778
0.611906736258249
0.611513175226512
0.561015626478208
0.574223667247331
0.539651154571579
0.564839502454347
0.583039571535113
0.614585453789638
0.49410140868476
0.676536709180194
0.661013912569714
0.625963018170256
0.563459392535848
0.61749220894187
0.62752405168927
0.644949936133359
0.567046805992309
0.575470573249792
0.67713499053372
0.606787041339305
0.505765037026439
0.614904610997887
0.610101597675075
0.619786703953695
0.583527201633168
0.619868365474696
0.588442397166158
0.635217952669067
0.598260129903088
0.595019091897418
0.588264662224475
0.547156640293135
0.69165310887311
0.598786474428055
0.598208486202781
0.567752759947959
0.582859417272128
0.611589891034972
0.605107826791193
0.551855752370916
0.584557214334683
0.509529114070209
0.533639238535491
0.568714557267143
0.5979618025454
0.62451651923333
0.680188386365215
0.552406215802953
0.466602877541823
0.653898608290463
0.623277389799785
0.634521710697255
0.623983137644001
0.635886819972922
0.563904238450716
0.562977286579147
0.577177288254296
0.54018841122636
0.576084064437802
0.635518811080129
0.580126415321992
0.613699095666903
0.580281979628948
0.532924760666366
0.628812885182567
0.561015284781818
0.533245787670539
0.534313764251022
0.60770981265546
0.533966162281292
0.636997865107947
0.582802004495945
0.578926565337765
0.585656248001318
0.623361977436636
0.539467098329399
0.582672619301271
0.646215371335807
0.601355500809449
0.586202759379956
0.590343817049935
0.531644931561738
0.577277080496764
0.614575540882688
0.653616583553602
0.56296208235801
0.550446401384215
0.551915622584865
0.583396017906442
0.6328894723202
0.600227840704272
0.613248098841613
0.52551688428784
0.573866503462554
0.633932909333702
0.557513040082031
0.590312930263112
0.536509925046283
0.523347137575973
0.583937529655968
0.571539557088118
0.662029186299885
0.60449688178597
0.572060060818626
0.556782222977459
0.592533724718446
0.58827032700875
0.643298944835529
0.652472134331436
0.599265890557357
0.634829107032426
0.565086328290857
0.621609847411808
0.574705406347258
0.517791144276933
0.55582783870404
0.623176171364803
0.623280410722568
0.603589586260791
0.538355459109351
0.61994136936326
0.564686992115196
0.591967393972022
0.545060822246453
0.602199314718801
0.616653986587422
0.596425800035311
0.597964094495871
0.653338030257608
0.580913909800259
0.533744133051574
0.604140985953655
0.655991428029134
0.642125852896457
0.677001959659024
0.564216822918123
0.540803165968857
0.602435964433269
0.612901364597484
0.513823797396736
0.600514969367819
0.614199725309053
0.609911324810978
0.597995426567583
0.574831514439053
0.624763159851456
0.562151184744091
0.605311034859827
0.574033041870208
0.573382751680859
0.565394748416838
0.541111786278039
0.626134912918459
0.545877936357888
0.55513042082476
0.514889888898982
0.548256928908906
0.559599528023673
0.602276694923207
0.565683335952581
0.655805964032549
0.612280595178201
0.518937961996254
0.641256761621165
0.523674216389552
0.600880197101796
0.60067844734317
0.626913483203383
0.563330905852725
0.535355896837736
0.557003646850138
0.579141300189254
0.551141465934113
0.575050556648416
0.480718577443712
0.587078295988737
0.541839657475867
0.586116845284469
0.52704131490371
0.570263317738908
0.605853418473305
0.619322862373456
0.524783176673527
0.549866215233344
0.602813917722234
0.563785946167411
0.577812868898723
0.645777948772195
0.561242342063398
0.565564324302766
0.638064700037265
0.527897623679938
0.523083965903533
0.58525037474294
0.651023726108532
0.512096103598707
0.575822423839687
0.631058406701931
0.679724437150013
0.555105668124745
0.57550558476524
0.634808026928587
0.573401889954213
0.597675452815715
0.553979140075841
0.565517577693624
0.572589781658154
0.586920483234229
0.570976730396675
0.605657074456619
0.580082330532632
0.574719635255201
0.560357959569328
0.660118732253239
0.505942220740411
0.581479002457196
0.614455916867347
0.594839880421367
0.528204407443423
0.572098654718997
0.537641511324631
0.666397858345229
0.665694131011878
0.578618176553683
0.599743088940795
0.555958782193879
0.605999862064411
0.552983483401235
0.647542987624389
0.569454837781679
0.664140316503193
0.667233468262169
0.615605355851467
0.586494996800019
0.608292752540203
0.558809735168709
0.497137463265116
0.581871079494164
0.558707412207443
0.642800374616299
0.585681091933705
0.628954611341094
0.601347744355904
0.586175477647864
0.449538750493344
0.509888718023208
0.600460572516611
0.649765141904021
0.608772188810973
0.619756396265428
0.552341591760233
0.588568692158967
0.585416774038886
0.601497444178905
0.583723444780153
0.561604286304012
0.474230394171876
0.446840113478982
0.582750410795949
0.525885894195706
0.658757708527651
0.555482899037456
0.574608884098031
0.541191350751724
0.608538772575727
0.571912511730696
0.557625162775199
0.620525765713508
0.653706645066405
0.57131672923101
0.562262064512991
0.555704846841749
0.660797650728506
0.533959217254768
0.598013378196955
0.548125424890472
0.562682229134165
0.654213191248936
0.480234536736254
0.641091163308055
0.576459138198723
0.509564316400003
0.617783784884145
0.668909781303721
0.588768646020122
0.580974080154605
0.544865453471327
0.561271861456679
0.590994053364952
0.653605079503906
0.570620171668597
0.632999064902301
0.641444851921583
0.624726403285821
0.581795387007239
0.640454699601901
0.487852063134732
0.564165982426479
0.549274034877852
0.595456089929512
0.571987799020184
0.545678819317996
0.707162501881449
0.613113002697153
0.551496785948688
0.640916558259821
0.601014196290791
0.574995864292405
0.537698717944464
0.532927036587863
0.523110425931166
0.616684265269974
0.540925267288533
0.568404698768295
0.627278357067418
0.623083731159909
0.574122684104442
0.601357798303193
0.683505190595832
0.601581701270449
0.636200478335386
0.516436623951084
0.604213280173872
0.62919744885207
0.536190480066501
0.517364936295515
0.508407525571845
0.53243332373741
0.650882301171346
0.6461722025509
0.57723555871513
0.523135114995215
0.557863527882052
0.502741856431395
0.507951724707971
0.622865238727845
0.576379996679176
0.586535136746364
0.540560778347261
0.612271253622278
0.61566039478692
0.570213620915009
0.575500386921776
0.569310747155556
0.586074528129435
0.537638986063941
0.573134750057707
0.460577302029276
0.634894544357748
0.564699302410657
0.624504372229897
0.547
0.5763
0.5121
0.5628
0.5145
0.5478
0.5462
0.6134
0.5252
0.5245
0.6454
0.6279
0.5047
0.5322
0.6084
0.5705
0.5269
0.5893
0.6024
0.6049
0.6404
0.5724
0.5048
0.6147
0.6063
0.5786
0.5844
0.5785
0.5333
0.5805
0.6039
0.5723
0.5607
0.5677
0.581
0.608
0.5467
0.6643
0.6488
0.5095
0.4955
0.5319
0.5357
0.5741
0.5685
0.5689
0.5965
0.5616
0.5598
0.6093
0.5809
0.6435
0.5708
0.6968
0.6789
0.6234
0.6431
0.7663
0.5578
0.6357
0.5933
0.6099
0.6064
0.6206
0.6227
0.5705
0.5829
0.6302
0.6906
0.6148
0.5474
0.5485
0.5527
0.5945
0.5695
0.63
0.5388
0.6184
0.5605
0.5724
0.6307
0.5358
0.6068
0.5989
0.5456
0.6384
0.5438
0.6616
0.5544
0.5285
0.6394
0.5523
0.6436
0.7473
0.6128
0.5185
0.5274
0.6136
0.5489
0.56
0.5344
0.5909
0.6014
0.5805
0.5613
0.5315
0.6182
0.5867
0.75
0.5879
0.6341
0.5474
0.7739
0.5931
0.6292
0.5486
0.612
0.5995
0.5614
0.6452
0.5756
0.6701
0.5745
0.5917
0.637
0.6164
0.6109
0.594
0.596
0.6171
0.4949
0.6141
0.6112
0.551
0.5974
0.545
0.4917
0.6427
0.6067
0.5556
0.5534
0.5405
0.5627
0.5423
0.6141
0.4701
0.5514
0.5499
0.7091
0.5126
0.6334
0.5916
0.5945
0.5768
0.5925
0.5776
0.5015
0.6353
0.5291
0.5613
0.5635
0.5933
0.6378
0.5469
0.5951
0.6231
0.5686
0.605
0.5955
0.6028
0.5644
0.5758
0.6187
0.6242
0.5893
0.5464
0.5721
0.7994
0.6016
0.5586
0.5483
0.5827
0.784
0.6368
0.5694
0.5444
0.7117
0.5806
0.5733
0.594
0.5481
0.5796
0.576
0.6232
0.5044
0.6784
0.6177
0.5677
0.5711
0.6517
0.5373
0.5474
0.612
0.5407
0.5516
0.5226
0.5507
0.5893
0.5515
0.5109
0.6005
0.6137
0.5266
0.5705
0.5754
0.5364
0.5125
0.5308
0.5825
0.6189
0.5803
0.525
0.5348
0.533
0.549
0.5842
0.597
0.5145
0.5501
0.5531
0.4974
0.5242
0.5719
0.5082
0.5659
0.5109
0.5427
0.5388
0.5632
0.5522
0.5338
0.5035
0.6214
0.5595
0.5905
0.5966
0.5588
0.5589
0.6398
0.5464
0.6388
0.5281
0.6147
0.6538
0.6809
0.586
0.6333
0.5628
0.6092
0.6212
0.5925
0.5968
0.6076
0.6067
0.5308
0.5899
0.5122
0.5595
0.5377
0.5213
0.5907
0.5574
0.7104
0.5867
0.6147
0.6577
0.5803
0.6069
0.5727
0.6353
0.5257
0.5436
0.6072
0.5919
0.5567
0.5192
0.5414
0.7032
0.591
0.5579
0.5845
0.5423
0.6134
0.5887
0.6032
0.5632
0.5621
0.5761
0.6131
0.5988
0.6081
0.5667
0.5659
0.5817
0.5707
0.5902
0.54
0.5384
0.5137
0.5645
0.5581
0.6235
0.502
0.5322
0.5473
0.5898
0.6154
0.5226
0.6261
0.5314
0.5699
0.5493
0.5948
0.5493
0.6134
0.6261
0.5495
0.6299
0.5846
0.5844
0.6649
0.5953
0.5474
0.5905
0.5727
0.576
0.6385
0.5593
0.6393
0.6069
0.4609
0.5399
0.5724
0.5872
0.5858
0.6167
0.5821
0.6144
0.6022
0.5057
0.4757
0.7437
0.6305
0.6136
0.5884
0.5555
0.5698
0.5983
0.5662
0.5817
0.6271
0.6054
0.5939
0.6217
0.5528
0.551
0.5452
0.5864
0.5569
0.5783
0.5558
0.5404
0.5702
0.6347
0.5683
0.551
0.5791
0.5639
0.5687
0.608
0.6001
0.6393
0.665
0.6035
0.5566
0.5882
0.565
0.6336
0.5853
0.5626
0.5959
0.6174
0.5499
0.5245
0.5185
0.7214
0.6703
0.556
0.623
0.5716
0.5632
0.5088
0.5587
0.6155
0.5648
0.6606
0.5759
0.572
0.7735
0.5059
0.5969
0.5921
0.5583
0.4838
0.5563
0.5647
0.6161
0.5967
0.5907
0.5624
0.6075
0.6621
0.6192
0.589
0.5742
0.5584
0.6157
0.5448
0.5942
0.6897
0.583
0.5032
0.6183
0.6125
0.7272
0.542
0.5768
0.6925
0.5956
0.6432
0.6678
0.5584
0.5618
0.5597
0.5689
0.5662
0.5508
0.6753
0.5653
0.5549
0.644
0.616
0.5167
0.6242
0.5952
0.6138
0.5666
0.6487
0.5841
0.5303
0.5856
0.5604
0.5444
0.6035
0.5759
0.5097
0.7419
0.5262
0.5237
0.6282
0.5523
0.512
0.5903
0.5338
0.584
0.5671
0.6429
0.5796
0.654
0.6113
0.6447
0.5807
0.615
0.6329
0.6737
0.5042
0.6286
0.5294
0.5264
0.6157
0.5786
0.5333
0.5669
0.5511
0.597
0.4774
0.5433
0.5394
0.6377
0.5738
0.6403
0.5741
0.615
0.548
0.5952
0.6263
0.5056
0.5509
0.6192
0.6224
0.5591
0.7681
0.5479
0.5591
0.5295
0.5588
0.6181
0.5815
0.6165
0.5811
0.5851
0.5747
0.638
0.6928
0.5482
0.5326
0.5657
0.6191
0.6288
0.5441
0.6024
0.5734
0.623
0.5957
0.7933
0.5985
0.5274
0.5303
0.7507
0.534
0.6297
0.5325
0.636
0.5972
0.5408
0.5457
0.5531
0.5292
0.5904
0.5826
0.5736
0.5244
0.5312
0.626
0.5076
0.5981
0.621
0.6144
0.5146
0.6108
0.5293
0.5045
0.4923
0.5198
0.5783
0.6295
0.5625
0.554
0.5613
0.5952
0.6026
0.5501
0.6307
0.5852
0.6016
0.6273
0.5438
0.6072
0.5216
0.5467
0.5524
0.5175
0.5963
0.5829
0.5948
0.6129
0.5531
0.5805
0.5627
0.5645
0.5636
0.5947
0.5399
0.6855
0.5974
0.5572
0.648
0.5738
0.6253
0.6169
0.5304
0.5313
0.5711
0.5918
0.6644
0.654
0.5445
0.5767
0.5524
0.5416
0.562
0.6097
0.6385
0.5943
0.7931
0.5878
0.5036
0.5601
0.6841
0.5753
0.6234
0.567
0.5498
0.6633
0.5704
0.573
0.5849
0.5636
0.5987
0.6351
0.5959
0.5762
0.5949
0.583
0.583
0.5319
0.5768
0.5329
0.577
0.5525
0.571
0.6338
0.6004
0.5773
0.6356
0.5664
0.5433
0.6243
0.6238
0.5901
0.5262
0.6584
0.5029
0.5983
0.6081
0.6682
0.5643
0.5466
0.598
0.5432
0.5815
0.5552
0.5935
0.5357
0.5898
0.5575
0.6133
0.549
0.6544
0.517
0.6246
0.6128
0.591
0.5398
0.6293
0.4958
0.5631
0.5812
0.6817
0.5137
0.5186
0.559
0.5534
0.6271
0.5861
0.5333
0.502
0.577
0.5009
0.5571
0.5979
0.6122
0.5311
0.5683
0.5596
0.644
0.6131
0.8267
0.601
0.5885
0.5755
0.6384
0.5659
0.5729
0.5438
0.6453
0.5656
0.5374
0.6076
0.5791
0.6034
0.573
0.6191
0.5328
0.6171
0.5713
0.5774
0.6113
0.5624
0.5601
0.6258
0.4973
0.6146
0.6381
0.6157
0.5941
0.6089
0.5991
0.5202
0.5914
0.6398
0.5043
0.5504
0.5616
0.602
0.5784
0.5861
0.5424
0.6071
0.5566
0.6058
0.5618
0.5418
0.6281
0.6547
0.5792
0.5309
0.6314
0.5495
0.5814
0.5713
0.6557
0.5648
0.5591
0.6203
0.5638
0.4996
0.6272
0.5578
0.5989
0.5642
0.5241
0.5619
0.5847
0.5466
0.5907
0.6262
0.5389
0.5433
0.5291
0.5471
0.6517
0.6168
0.5994
0.5742
0.5823
0.555
0.5682
0.5347
0.5114
0.6467
0.5897
0.5698
0.6306
0.5945
0.5697
0.5304
0.6168
0.5122
0.5109
0.5448
0.5662
0.6074
0.5023
0.6292
0.5743
0.6732
0.5442
0.6127
0.5244
0.5295
0.6122
0.5521
0.5387
0.5638
0.6104
0.6542
0.5818
0.6105
0.5797
0.5646
0.6013
0.5935
0.557
0.5394
0.709
0.5829
0.5694
0.5583
0.6033
0.6338
0.5803
0.6118
0.5423
0.5655
0.4966
0.5476
0.6028
0.589
0.5873
0.536
0.5712
0.6344
0.5948
0.587
0.5561
0.6007
0.5585
0.6032
0.6204
0.5489
0.6137
0.6567
0.6745
0.5926
0.5745
0.5636
0.6166
0.6317
0.5756
0.6108
0.5228
0.5232
0.6114
0.7214
0.5604
0.5501
0.5549
0.5999
0.6864
0.6517
0.5798
0.6262
0.5551
0.5762
0.6314
0.646
0.612
0.6349
0.5037
0.594
0.6359
0.5424
0.6268
0.5865
0.5733
0.5571
0.606
0.5941
0.5816
0.6092
0.6212
0.5713
0.7249
0.629
0.5964
0.6708
0.5485
0.5692
0.4949
0.4764
0.6036
0.5851
0.6375
0.6317
0.6079
0.5769
0.5685
0.494
0.6148
0.5801
0.5533
0.5337
0.5792
0.5726
0.5661
0.571
0.5661
0.6122
0.5991
0.637
0.6088
0.4667
0.6339
0.5973
0.5403
0.5211
0.5498
0.6266
0.6236
0.6148
0.5986
0.6048
0.559
0.547
0.583
0.5578
0.5431
0.5356
0.4843
0.5954
0.5688
0.6156
0.7217
0.5351
0.5773
0.741
0.6312
0.6543
0.623
0.6079
0.6043
0.4599
0.5391
0.6065
0.5499
0.5924
0.5275
0.5202
0.6184
0.5735
0.587
0.5992
0.6193
0.5642
0.5784
0.4734
0.5759
0.5483
0.6024
0.5865
0.5696
0.6378
0.6028
0.5213
0.591
0.5148
0.5769
0.5304
0.6024
0.5649
0.5769
0.4872
0.5658
0.5418
0.5939
0.6071
0.5661
0.6224
0.6003
0.5869
0.5753
0.5594
0.6268
0.5643
0.6175
0.6068
0.5244
0.5712
0.5556
0.6176
0.5951
0.5866
0.6095
0.5403
0.5125
0.6236
0.572
0.6829
0.6734
0.5463
0.6996
0.5442
0.4442
0.6074
0.4818
0.5851
0.6257
0.545
0.5948
0.5671
0.5779
0.5948
0.5912
0.5819
0.5575
0.6435
0.6915
0.5772
0.645
0.5171
0.6339
0.6621
0.5646
0.6199
0.62
0.5402
0.5373
0.5492
0.5574
0.5943
0.5566
0.5613
0.5636
0.6451
0.5819
0.667
0.59
0.5961
0.6747
0.5909
0.585
0.5524
0.5388
0.715
0.5655
0.5506
0.6161
0.5266
0.5235
0.6247
0.775
0.6611
0.538
0.5493
0.5657
0.5793
0.5846
0.5932
0.6289
0.6505
0.5868
0.5568
0.574
0.5358
0.5364
0.5128
0.5765
0.6373
0.5205
0.5749
0.576
0.5675
0.5526
0.505
0.5421
0.6918
0.6026
0.5918
0.5564
0.5295
0.5889
0.7372
0.682
0.5895
0.6125
0.5657
0.5996
0.5748
0.6349
0.5801
0.522
0.5665
0.5896
0.6257
0.6099
0.6099
0.609
0.5938
0.576
0.5874
0.6269
0.6077
0.8008
0.5361
0.5635
0.523
0.611
0.5274
0.5903
0.5637
0.5378
0.5988
0.6153
0.6735
0.5917
0.5695
0.5648
0.5672
0.7622
0.5993
0.6305
0.5852
0.6726
0.6007
0.583
0.5539
0.5647
0.5807
0.5644
0.5675
0.5511
0.5814
0.6264
0.6013
0.6353
0.5427
0.6354
0.5721
0.5285
0.5758
0.6556
0.5652
0.6049
0.5573
0.5877
0.6306
0.5024
0.6342
0.5851
0.6681
0.5803
0.5563
0.6337
0.5846
0.5199
0.5609
0.5637
0.5527
0.5532
0.6642
0.5863
0.6455
0.5319
0.6488
0.5693
0.8009
0.656
0.6261
0.5433
0.5521
0.5358
0.6158
0.5713
0.5972
0.5432
0.5852
0.6682
0.5776
0.5559
0.6109
0.6077
0.6199
0.5692
0.586
0.5483
0.5632
0.6015
0.5024
0.5568
0.5379
0.5823
0.5377
0.6269
0.5728
0.5727
0.5421
0.5655
0.6208
0.4879
0.5447
0.5137
0.654
0.5052
0.7019
0.6745
0.5716
0.6168
0.6369
0.5996
0.5397
0.5377
0.515
0.596
0.6108
0.5868
0.5564
0.642
0.5194
0.6048
0.5312
0.6904
0.581
0.564
0.5656
0.5769
0.596
0.5268
0.6364
0.6009
0.6116
0.5832
0.5913
0.6056
0.557
0.6102
0.4684
0.5514
0.585
0.513
0.4877
0.5986
0.594
0.6476
0.5364
0.58
0.5729
0.6717
0.661
0.6657
0.6225
0.502
0.6186
0.5661
0.5467
0.5642
0.5444
0.5504
0.6029
0.581
0.5831
0.5754
0.609
0.5998
0.5207
0.6568
0.5875
0.6227
0.6207
0.6132
0.5523
0.5509
0.5669
0.5892
0.5349
0.5259
0.6005
0.5754
0.5274
0.5523
0.5316
0.5707
0.6176
0.5734
0.5878
0.5841
0.634
0.515
0.5678
0.5584
0.5743
0.51
0.5855
0.6043
0.5446
0.5662
0.692
0.5248
0.5531
0.5681
0.6045
0.5613
0.6139
0.5151
0.5503
0.7382
0.5709
0.5823
0.5853
0.6008
0.6088
0.6443
0.6359
0.5902
0.6247
0.5692
0.5952
0.6479
0.5936
0.5749
0.549
0.5412
0.5217
0.5557
0.5598
0.6822
0.5772
0.5297
0.5547
0.6173
0.635
0.5888
0.5279
0.6134
0.5257
0.6266
0.5729
0.5839
0.6095
0.5762
0.5861
0.6066
0.581
0.6212
0.5545
0.533
0.5723
0.5821
0.5586
0.6207
0.6044
0.5654
0.6389
0.6577
0.5701
0.6272
0.7851
0.5473
0.5279
0.5563
0.5986
0.5812
0.5993
0.6241
0.5658
0.5468
0.6609
0.5706
0.6124
0.5708
0.6061
0.5813
0.5032
0.5056
0.5482
0.5704
0.5243
0.5568
0.571
0.5584
0.6463
0.6094
0.6936
0.5996
0.5664
0.5496
0.6165
0.5422
0.5408
0.5257
0.5975
0.552
0.5046
0.5992
0.6902
0.5347
0.5968
0.5114
0.6014
0.5141
0.599
0.5
0.5144
0.6177
0.5579
0.6913
0.5984
0.6364
0.607
0.4967
0.5767
0.5334
0.5217
0.5367
0.5729
0.592
0.5035
0.6044
0.6463
0.6006
0.5741
0.8661
0.5813
0.6497
0.5522
0.522
0.5261
0.52
0.5451
0.6383
0.6323
0.5752
0.6518
0.5825
0.6032
0.6205
0.5624
0.5953
0.584
0.5445
0.5257
0.5742
0.639
0.5432
0.6039
0.5622
0.496
0.5437
0.6018
0.5379
0.5909
0.5527
0.5844
0.5616
0.5789
0.53
0.6276
0.6452
0.5623
0.757
0.6481
0.6029
0.5779
0.5925
0.594
0.6089
0.58
0.5635
0.5768
0.5965
0.6201
0.5982
0.7289
0.6441
0.5501
0.6025
0.5573
0.6285
0.4864
0.5482
0.5978
0.5939
0.6131
0.6564
0.6041
0.5541
0.5244
0.5767
0.5763
0.6079
0.6386
0.5515
0.5958
0.6447
0.5713
0.6132
0.67
0.6087
0.6099
0.5331
0.6222
0.5379
0.6049
0.5421
0.5393
0.5512
0.5116
0.5688
0.4915
0.5924
0.5337
0.5403
0.64
0.6314
0.7235
0.6133
0.6325
0.5592
0.5757
0.5744
0.6024
0.6972
0.5006
0.6027
0.565
0.6852
0.5375
0.5785
0.6219
0.6494
0.5442
0.4967
0.5869
0.5728
0.5719
0.5909
0.572854936466596
0.54757282003129
0.612816464991696
0.632408774543628
0.567360371364597
0.589694191501975
0.562868879372321
0.518128106694701
0.571886793676214
0.665263995962535
0.589286432253347
0.573578573676009
0.609445694995901
0.586784778871237
0.612436109632531
0.620674314204192
0.617519511021768
0.63625346597462
0.624888228294958
0.552739620831612
0.593425861717054
0.580923080184568
0.633392431900898
0.600596844715934
0.612537281546803
0.543228965238484
0.603673178838546
